{
  "schema_version": 1,
  "status": "LOCKED_REPRODUCED_HISTORICAL_DIAGNOSTIC_FIT_NOT_DERIVATION",
  "locked_at_local": "2026-07-14 Australia/Sydney",
  "provenance": {
    "database": "C:/Users/theai/AppData/Local/hermes/profiles/d-drive-profile/state.db",
    "session_id": "20260711_022434_8a1e75",
    "source_message_id": 4051,
    "patch_message_id": 4058,
    "terminal_output_message_id": 4060,
    "original_source_sha256": "0396ff83436190e87696f1ec7f419b18bf3fba604b7e0cb9bf6f064507cff5f9",
    "patch_record_sha256": "dab887e511e50ac784c2f09e26d94a40a25c0d7dcda7928fedfa9804cb2af3ac"
  },
  "claim_boundary": {
    "validated": [
      "The deleted Hermes source and its successful patch survive in state.db.",
      "The seeded frame/action run is reproducible under the recovered environment.",
      "The recovered frame deterministically constructs the locked J_u and J_d below.",
      "Fitted complex tau-real Jordan-slot mixing reproduces CKM at the recorded diagnostic point."
    ],
    "not_validated": [
      "A parameter-free derivation of CKM.",
      "An invariant derivation of Q_star, r, or s independent of CKM data.",
      "Uniqueness or octonionic necessity of the fitted mechanism."
    ],
    "target_leakage": [
      "Q0 was initialized by minimizing a hard-coded CKM-magnitude loss.",
      "r and s were selected by an objective containing CKM magnitude error and J_target."
    ]
  },
  "column_map": ["g1", "g2", "g3", "H_u", "K1", "H_d", "K2"],
  "Q_star": [
    [-0.28489219011446365, 0.4452113196669787, 0.3518460072967012, 0.3064821637435327, 0.4554858707735155, -0.04636456747576195, -0.5415527118546278],
    [0.2571543206627736, 0.1917630807311098, -0.5852604449243365, 0.20870767532477827, 0.5134203537805487, 0.4737680047828343, 0.1515035051357723],
    [0.8323313490036433, 0.03414371932423608, 0.2829835506377368, 0.42704989598551113, -0.10700793840592206, -0.16906419499271363, -0.05978316981632292],
    [-0.01773038938599938, -0.4535101842187957, 0.6044726634269664, -0.01241726195158127, 0.33901950210547405, 0.4932100082709775, 0.26510832090051234],
    [-0.02436616079204846, 0.6520640742495651, 0.23941056171838904, -0.0507831723845998, -0.4625375938773311, 0.4904261933013599, 0.24467020414358076],
    [0.3694205244213758, 0.00594010250274065, 0.01476420792634139, -0.6973022637298226, 0.04514150706170827, 0.2520512448255767, -0.5581014036912473],
    [0.15017663093417777, 0.3646281382515033, 0.1751351166850895, -0.4372351883275414, 0.43193571136245107, -0.4444183942474704, 0.48843649885394036]
  ],
  "J_u": {
    "diagonal": [6.3222353789050665, 4.548002226247293, 6.209710787926002],
    "a01_e1_to_e7": [-0.3422316441725583, 0.33896270943573503, -0.17818830923301723, 0.3618131050480873, 0.9309054057471295, 0.372452077449841, -0.9645102233643366],
    "a12_e1_to_e7": [-0.6531556066324188, -0.42605258812395685, -0.03592477963055467, -0.1456582743916769, 0.9402839124260857, 0.02304319289040196, -0.8381133669829359],
    "a20_e1_to_e7": [1.023991868865749, -0.3855325547609215, 0.1364126831433001, -0.547659405380305, -0.5734329107908056, 1.0863930453604507, -0.9834443936485688],
    "albert_norm": 10.784036391768723
  },
  "J_d": {
    "diagonal": [6.292239729256838, 7.9983367239468945, 6.292129923764321],
    "a01_e1_to_e7": [-1.1471764382419063, 0.6530496911807501, -1.008480517670577, -0.5793129608191105, -0.16502291952899012, 0.6029640386208971, 0.7164502272852127],
    "a12_e1_to_e7": [0.9346885478897565, -0.6750566773209521, -1.2791785828453786, -0.33267600239411754, -0.27166032080952623, 0.6943334478165087, -0.6057225635858268],
    "a20_e1_to_e7": [-0.22473738311560823, 0.1349144882591663, -0.08198568885884536, 0.8423543888409961, -1.2079835932421832, -0.03295726643028551, -0.21843658460763343],
    "albert_norm": 12.796064883962341
  },
  "frame_action": {
    "S": -0.47369137406837525,
    "A_twist": -0.3521991855981212,
    "Delta": -0.10808374021302673,
    "N_d": 0.12205772269254724,
    "P_chiral": 0.24298437694050817,
    "gradient_norm": 1.782443763352243e-7
  },
  "diagnostic_fit": {
    "r": {"real": 0.3887831255168539, "imag": 0.28228702817500606},
    "s": {"real": 0.23729498924317205, "imag": -0.5117538711322562},
    "V_abs": [
      [0.97435246, 0.22499704, 0.00369001],
      [0.22486405, 0.97349226, 0.04182082],
      [0.00856999, 0.04109930, 0.99911831]
    ],
    "frobenius_error": 6.128112419919731e-6,
    "Jarlskog": 3.076559155801642e-5,
    "J_over_target": 1.0000000017619248,
    "s12": 0.22499857236395318,
    "s23": 0.04182110541999637,
    "s13": 0.003690012110767495
  }
}
